0 0.33986928104575165 0.34191176470588236 0.06209150326797386 0.051470588235294115
0 0.45588235294117646 0.3327205882352941 0.06535947712418301 0.05269607843137255
0 0.5629084967320261 0.3229166666666667 0.06699346405228758 0.05269607843137255
0 0.35375816993464054 0.4227941176470588 0.07026143790849673 0.051470588235294115
0 0.4681372549019608 0.4172794117647059 0.06372549019607843 0.05514705882352941
0 0.5825163398692811 0.4007352941176471 0.06699346405228758 0.056372549019607844
0 0.6004901960784313 0.4852941176470588 0.07026143790849673 0.056372549019607844
0 0.6143790849673203 0.5735294117647058 0.06862745098039216 0.056372549019607844
0 0.49754901960784315 0.5986519607843137 0.07026143790849673 0.05514705882352941
0 0.3790849673202614 0.6035539215686274 0.06535947712418301 0.05514705882352941
0 0.36764705882352944 0.5104166666666666 0.06209150326797386 0.04779411764705882
0 0.4869281045751634 0.5061274509803921 0.06209150326797386 0.049019607843137254