0 0.35130718954248363 0.3756127450980392 0.06535947712418301 0.05514705882352941
0 0.46568627450980393 0.3713235294117647 0.06535947712418301 0.05392156862745098
0 0.5776143790849673 0.36213235294117646 0.07026143790849673 0.04779411764705882
0 0.3611111111111111 0.46017156862745096 0.06862745098039216 0.05269607843137255
0 0.4738562091503268 0.45894607843137253 0.06535947712418301 0.05024509803921569
0 0.5898692810457516 0.44546568627450983 0.06862745098039216 0.05024509803921569
0 0.369281045751634 0.5490196078431373 0.06535947712418301 0.049019607843137254
0 0.49019607843137253 0.5496323529411765 0.06535947712418301 0.05514705882352941
0 0.6037581699346405 0.5300245098039216 0.07026143790849673 0.05024509803921569
0 0.6127450980392157 0.6200980392156863 0.07516339869281045 0.056372549019607844
0 0.49673202614379086 0.6439950980392157 0.0718954248366013 0.05269607843137255
0 0.37173202614379086 0.6446078431372549 0.07026143790849673 0.05392156862745098