1 0.3047377450980392 0.2952058823529412 0.07679656862745098 0.10457516339869281
1 0.4211593137254902 0.30283333333333334 0.06944362745098039 0.10457516339869281
1 0.5412573529411765 0.3055555555555556 0.07271323529411765 0.10348692810457517
1 0.6609485294117647 0.3006535947712418 0.06536029411764706 0.09368300653594772
1 0.6760612745098039 0.4488006535947712 0.07271323529411765 0.10021895424836602
1 0.6695269607843137 0.6171013071895425 0.08088235294117647 0.10348692810457517
1 0.5502450980392157 0.4515261437908497 0.07434558823529411 0.09912745098039215
1 0.41625735294117644 0.44825816993464057 0.07434558823529411 0.10566339869281045
1 0.2994289215686275 0.4433562091503268 0.08088235294117647 0.1023954248366013
1 0.27532598039215683 0.6078431372549019 0.0816985294117647 0.10021895424836602
1 0.4072720588235294 0.6116568627450981 0.07107843137254902 0.10348692810457517
1 0.5416666666666666 0.6203692810457516 0.07516421568627452 0.10348692810457517