0 0.3464052287581699 0.35049019607843135 0.06209150326797386 0.049019607843137254
0 0.4599673202614379 0.34558823529411764 0.06045751633986928 0.049019607843137254
0 0.5702614379084967 0.33762254901960786 0.06209150326797386 0.05024509803921569
0 0.5866013071895425 0.41605392156862747 0.06862745098039216 0.05024509803921569
0 0.6045751633986928 0.4963235294117647 0.06535947712418301 0.051470588235294115
0 0.49019607843137253 0.5165441176470589 0.06209150326797386 0.05024509803921569
0 0.47549019607843135 0.4319852941176471 0.05555555555555555 0.04534313725490196
0 0.35947712418300654 0.43504901960784315 0.06535947712418301 0.04656862745098039
0 0.37173202614379086 0.5208333333333334 0.06372549019607843 0.04411764705882353
0 0.3790849673202614 0.6158088235294118 0.06209150326797386 0.05024509803921569
0 0.4991830065359477 0.6109068627450981 0.06372549019607843 0.05024509803921569
0 0.6168300653594772 0.5863970588235294 0.05718954248366013 0.05024509803921569