0 0.375 0.36580882352941174 0.06372549019607843 0.05269607843137255
0 0.4861111111111111 0.35784313725490197 0.06699346405228758 0.05392156862745098
0 0.5939542483660131 0.34375 0.07026143790849673 0.05759803921568627
0 0.3872549019607843 0.4430147058823529 0.06862745098039216 0.05269607843137255
0 0.4991830065359477 0.4375 0.06372549019607843 0.049019607843137254
0 0.6119281045751634 0.41973039215686275 0.06045751633986928 0.04779411764705882
0 0.6299019607843137 0.5036764705882353 0.06699346405228758 0.049019607843137254
0 0.6454248366013072 0.5931372549019608 0.06209150326797386 0.05392156862745098
0 0.5155228758169934 0.5238970588235294 0.06045751633986928 0.04779411764705882
0 0.5285947712418301 0.6170343137254902 0.06372549019607843 0.05024509803921569
0 0.40604575163398693 0.6188725490196079 0.06699346405228758 0.049019607843137254
0 0.39950980392156865 0.5275735294117647 0.06372549019607843 0.04779411764705882