1 0.2312091503267974 0.36519607843137253 0.11274509803921569 0.08088235294117647
1 0.4166666666666667 0.3713235294117647 0.12091503267973856 0.08823529411764706
1 0.5947712418300654 0.3694852941176471 0.10457516339869281 0.08455882352941177
1 0.7777777777777778 0.36825980392156865 0.11764705882352941 0.08455882352941177
1 0.7892156862745098 0.5073529411764706 0.11437908496732026 0.08088235294117647
1 0.7720588235294118 0.6433823529411765 0.119281045751634 0.0857843137254902
1 0.5833333333333334 0.6470588235294118 0.10457516339869281 0.0784313725490196
1 0.6078431372549019 0.5036764705882353 0.11437908496732026 0.09068627450980392
1 0.4027777777777778 0.5036764705882353 0.11274509803921569 0.08088235294117647
1 0.39950980392156865 0.6427696078431373 0.10294117647058823 0.07720588235294118
1 0.23447712418300654 0.49693627450980393 0.11274509803921569 0.0821078431372549
1 0.22058823529411764 0.633578431372549 0.12418300653594772 0.08823529411764706