1 0.2867647058823529 0.42953431372549017 0.08660130718954248 0.06740196078431372
1 0.40931372549019607 0.4368872549019608 0.07679738562091504 0.06985294117647059
1 0.5392156862745098 0.4430147058823529 0.0784313725490196 0.06740196078431372
1 0.6666666666666666 0.44362745098039214 0.0784313725490196 0.06372549019607843
1 0.6699346405228758 0.5404411764705882 0.08169934640522876 0.06862745098039216
1 0.6568627450980392 0.6397058823529411 0.08169934640522876 0.061274509803921566
1 0.5245098039215687 0.6354166666666666 0.07516339869281045 0.0625
1 0.39215686274509803 0.6280637254901961 0.0784313725490196 0.06495098039215687
1 0.2638888888888889 0.6194852941176471 0.08333333333333333 0.0625
1 0.28921568627450983 0.5214460784313726 0.08169934640522876 0.0625
1 0.4084967320261438 0.5281862745098039 0.08169934640522876 0.0661764705882353
1 0.5408496732026143 0.5330882352941176 0.0784313725490196 0.0661764705882353