0 0.5208333333333334 0.39923856209150327 0.051470588235294115 0.06862745098039216
0 0.5175661764705882 0.5337679738562091 0.05310539215686274 0.0718954248366013
0 0.522875 0.2581699346405229 0.049019607843137254 0.0718954248366013
0 0.6237745098039216 0.24673202614379086 0.05310539215686274 0.07080718954248366
0 0.41952696078431373 0.2505457516339869 0.05310539215686274 0.06753921568627451
0 0.42238480392156863 0.38943464052287585 0.05065441176470588 0.06862745098039216
0 0.4215686274509804 0.5217875816993465 0.05392156862745098 0.06753921568627451
0 0.4166666666666667 0.6530490196078431 0.05065441176470588 0.06862745098039216
0 0.5130710784313726 0.6683006535947712 0.05065441176470588 0.06862745098039216
0 0.6102941176470589 0.6514150326797385 0.05065441176470588 0.06753921568627451
0 0.6180563725490196 0.5239640522875817 0.051470588235294115 0.06535947712418301
0 0.6213235294117647 0.3845326797385621 0.05800735294117647 0.0718954248366013