1 0.4215686274509804 0.3431372549019608 0.0784313725490196 0.061274509803921566
1 0.5522875816993464 0.3327205882352941 0.07516339869281045 0.06740196078431372
1 0.6895424836601307 0.3394607843137255 0.08496732026143791 0.07598039215686274
1 0.6854575163398693 0.4270833333333333 0.08660130718954248 0.07230392156862746
1 0.6797385620915033 0.5269607843137255 0.08823529411764706 0.07352941176470588
1 0.6650326797385621 0.6470588235294118 0.09803921568627451 0.08333333333333333
1 0.49836601307189543 0.6237745098039216 0.0915032679738562 0.0661764705882353
1 0.5187908496732027 0.5171568627450981 0.07679738562091504 0.0661764705882353
1 0.5318627450980392 0.41482843137254904 0.08006535947712418 0.05759803921568627
1 0.40032679738562094 0.4215686274509804 0.08169934640522876 0.058823529411764705
1 0.3758169934640523 0.5220588235294118 0.0915032679738562 0.07352941176470588
1 0.33986928104575165 0.6280637254901961 0.09803921568627451 0.07720588235294118