1 0.32107843137254904 0.45465686274509803 0.07026143790849673 0.05392156862745098
1 0.434640522875817 0.45894607843137253 0.06862745098039216 0.05514705882352941
1 0.553921568627451 0.4650735294117647 0.06535947712418301 0.05759803921568627
1 0.6683006535947712 0.4675245098039216 0.06862745098039216 0.05514705882352941
1 0.6666666666666666 0.553921568627451 0.0784313725490196 0.056372549019607844
1 0.6601307189542484 0.6378676470588235 0.0784313725490196 0.06004901960784314
1 0.5555555555555556 0.5514705882352942 0.0718954248366013 0.058823529411764705
1 0.5416666666666666 0.6354166666666666 0.07026143790849673 0.05759803921568627
1 0.434640522875817 0.5477941176470589 0.06535947712418301 0.05392156862745098
1 0.42483660130718953 0.6311274509803921 0.06535947712418301 0.058823529411764705
1 0.32189542483660133 0.539828431372549 0.07516339869281045 0.06740196078431372
1 0.30800653594771243 0.6237745098039216 0.07026143790849673 0.058823529411764705