0 0.3165857843137255 0.3442254901960784 0.07107843137254902 0.08278758169934641
0 0.42892156862745096 0.3442254901960784 0.06045833333333333 0.08278758169934641
0 0.5437083333333333 0.3382352941176471 0.0629093137254902 0.08169934640522876
0 0.6589044117647058 0.3284313725490196 0.05963970588235294 0.07951960784313726
0 0.6527769607843137 0.476578431372549 0.06045833333333333 0.07734313725490195
0 0.6601299019607842 0.6111111111111112 0.058823529411764705 0.0806111111111111
0 0.5526960784313726 0.6203692810457516 0.05800735294117647 0.07734313725490195
0 0.5392156862745098 0.4820261437908497 0.06045833333333333 0.07951960784313726
0 0.4264705882352941 0.49019607843137253 0.058823529411764705 0.07625163398692811
0 0.44812009803921565 0.6241830065359477 0.05800735294117647 0.0784313725490196
0 0.34232107843137255 0.6241830065359477 0.06209068627450981 0.07625163398692811
0 0.3153602941176471 0.49237581699346405 0.058823529411764705 0.0784313725490196