1 0.3472222222222222 0.36703431372549017 0.08660130718954248 0.07475490196078431
1 0.3488562091503268 0.47855392156862747 0.08660130718954248 0.06740196078431372
1 0.3431372549019608 0.5894607843137255 0.08823529411764706 0.06862745098039216
1 0.4950980392156863 0.5943627450980392 0.08496732026143791 0.0661764705882353
1 0.6299019607843137 0.5870098039215687 0.10294117647058823 0.0661764705882353
1 0.6290849673202614 0.4803921568627451 0.09477124183006536 0.06862745098039216
1 0.6356209150326797 0.3713235294117647 0.09477124183006536 0.0661764705882353
1 0.49264705882352944 0.37683823529411764 0.09313725490196079 0.07230392156862746
1 0.4910130718954248 0.4834558823529412 0.09640522875816994 0.07720588235294118
1 0.4959150326797386 0.7071078431372549 0.08986928104575163 0.0784313725490196
1 0.636437908496732 0.6954656862745098 0.09640522875816994 0.06985294117647059
1 0.3480392156862745 0.7034313725490197 0.10130718954248366 0.06862745098039216