1 0.31290849673202614 0.40870098039215685 0.08660130718954248 0.06495098039215687
1 0.45669934640522875 0.4050245098039216 0.08333333333333333 0.06740196078431372
1 0.6004901960784313 0.4099264705882353 0.08660130718954248 0.06740196078431372
1 0.7524509803921569 0.40808823529411764 0.09313725490196079 0.06372549019607843
1 0.7549019607843137 0.5134803921568627 0.09477124183006536 0.07598039215686274
1 0.6004901960784313 0.5049019607843137 0.08986928104575163 0.07107843137254902
1 0.4395424836601307 0.5091911764705882 0.08823529411764706 0.07475490196078431
1 0.2834967320261438 0.5079656862745098 0.09640522875816994 0.06985294117647059
1 0.27205882352941174 0.616421568627451 0.09313725490196079 0.06862745098039216
1 0.434640522875817 0.6151960784313726 0.08169934640522876 0.06862745098039216
1 0.6045751633986928 0.6170343137254902 0.0915032679738562 0.07720588235294118
1 0.7761437908496732 0.625 0.10130718954248366 0.07352941176470588