1 0.3088235294117647 0.30943627450980393 0.0784313725490196 0.0625
1 0.4444444444444444 0.31862745098039214 0.07516339869281045 0.06372549019607843
1 0.5661764705882353 0.3131127450980392 0.07352941176470588 0.05024509803921569
1 0.5882352941176471 0.38480392156862747 0.0784313725490196 0.056372549019607844
1 0.613562091503268 0.47794117647058826 0.08660130718954248 0.06862745098039216
1 0.6535947712418301 0.5857843137254902 0.09477124183006536 0.07107843137254902
1 0.4861111111111111 0.4895833333333333 0.08660130718954248 0.06985294117647059
1 0.4632352941176471 0.38909313725490197 0.08006535947712418 0.05759803921568627
1 0.31862745098039214 0.39276960784313725 0.08496732026143791 0.0625
1 0.3227124183006536 0.48651960784313725 0.08660130718954248 0.06862745098039216
1 0.34068627450980393 0.5974264705882353 0.08986928104575163 0.07230392156862746
1 0.5089869281045751 0.5962009803921569 0.08986928104575163 0.06985294117647059