1 0.4158496732026144 0.2708333333333333 0.09967320261437909 0.08333333333333333
1 0.5808823529411765 0.27879901960784315 0.09967320261437909 0.08455882352941177
1 0.7303921568627451 0.30453431372549017 0.08823529411764706 0.07720588235294118
1 0.7320261437908496 0.43075980392156865 0.10130718954248366 0.0821078431372549
1 0.5816993464052288 0.41360294117647056 0.0915032679738562 0.06985294117647059
1 0.40604575163398693 0.4185049019607843 0.11274509803921569 0.08455882352941177
1 0.39624183006535946 0.5508578431372549 0.12254901960784313 0.08455882352941177
1 0.39950980392156865 0.6966911764705882 0.10620915032679738 0.08946078431372549
1 0.5759803921568627 0.5477941176470589 0.10294117647058823 0.08333333333333333
1 0.7246732026143791 0.5484068627450981 0.09967320261437909 0.08700980392156862
1 0.7181372549019608 0.6727941176470589 0.09967320261437909 0.0784313725490196
1 0.5612745098039216 0.6758578431372549 0.10947712418300654 0.0821078431372549