1 0.32107843137254904 0.3474264705882353 0.09313725490196079 0.06985294117647059
1 0.46977124183006536 0.34068627450980393 0.09313725490196079 0.07352941176470588
1 0.6151960784313726 0.34681372549019607 0.09967320261437909 0.0784313725490196
1 0.6151960784313726 0.45588235294117646 0.08986928104575163 0.06372549019607843
1 0.46895424836601307 0.4479166666666667 0.10784313725490197 0.07720588235294118
1 0.32107843137254904 0.4564950980392157 0.08986928104575163 0.06495098039215687
1 0.32189542483660133 0.5723039215686274 0.0915032679738562 0.06862745098039216
1 0.46895424836601307 0.5655637254901961 0.0915032679738562 0.06740196078431372
1 0.619281045751634 0.571078431372549 0.09477124183006536 0.07107843137254902
1 0.619281045751634 0.6825980392156863 0.09803921568627451 0.0784313725490196
1 0.46895424836601307 0.6752450980392157 0.09477124183006536 0.07598039215686274
1 0.32189542483660133 0.6807598039215687 0.10130718954248366 0.07475490196078431