0 0.4019607843137255 0.19117647058823528 0.05392156862745098 0.07298366013071896
0 0.5077622549019608 0.19662418300653595 0.05473774509803922 0.07734313725490195
0 0.6090686274509803 0.1830065359477124 0.056372549019607844 0.07625163398692811
0 0.4072720588235294 0.33605555555555555 0.05473774509803922 0.07298366013071896
0 0.5081691176470589 0.34585947712418297 0.05718872549019608 0.07734313725490195
0 0.6078431372549019 0.33169934640522875 0.05065441176470588 0.06862745098039216
0 0.6062083333333333 0.46950000000000003 0.049019607843137254 0.06753921568627451
0 0.5061274509803921 0.4852941176470588 0.051470588235294115 0.07080718954248366
0 0.40808823529411764 0.47276797385620917 0.051470588235294115 0.0718954248366013
0 0.4068627450980392 0.6023954248366012 0.05228676470588236 0.06753921568627451
0 0.5024509803921569 0.6160130718954249 0.05065441176470588 0.06644771241830066
0 0.5988553921568627 0.5996732026143791 0.049019607843137254 0.06862745098039216