1 0.3668308823529412 0.35348692810457516 0.05392156862745098 0.07734313725490195
1 0.4493455882352941 0.3545751633986928 0.049019607843137254 0.07080718954248366
1 0.5318627450980392 0.35076143790849673 0.049019607843137254 0.06535947712418301
1 0.6115196078431373 0.3491274509803921 0.04820343137254902 0.07298366013071896
1 0.36519607843137253 0.4433562091503268 0.05392156862745098 0.0740751633986928
1 0.45261519607843137 0.4449901960784314 0.05392156862745098 0.07516339869281045
1 0.5388063725490196 0.4444444444444444 0.051470588235294115 0.06753921568627451
1 0.6266348039215687 0.44989215686274514 0.05392156862745098 0.0784313725490196
1 0.6315367647058824 0.5452058823529412 0.05555637254901961 0.07734313725490195
1 0.5379901960784313 0.5452058823529412 0.05473774509803922 0.06644771241830066
1 0.44648774509803923 0.5484738562091503 0.051470588235294115 0.06644771241830066
1 0.35008088235294116 0.5468398692810458 0.061274509803921566 0.0740751633986928