0 0.3480392156862745 0.37193627450980393 0.06535947712418301 0.04779411764705882
0 0.46405228758169936 0.36764705882352944 0.058823529411764705 0.049019607843137254
0 0.5727124183006536 0.35661764705882354 0.06045751633986928 0.051470588235294115
0 0.35784313725490197 0.4577205882352941 0.06535947712418301 0.05024509803921569
0 0.47630718954248363 0.4534313725490196 0.06699346405228758 0.049019607843137254
0 0.5857843137254902 0.4381127450980392 0.07026143790849673 0.05024509803921569
0 0.6021241830065359 0.5220588235294118 0.06372549019607843 0.051470588235294115
0 0.6160130718954249 0.6133578431372549 0.06535947712418301 0.05514705882352941
0 0.48856209150326796 0.5416666666666666 0.06209150326797386 0.051470588235294115
0 0.36764705882352944 0.5435049019607843 0.06209150326797386 0.05269607843137255
0 0.37663398692810457 0.6384803921568627 0.06372549019607843 0.051470588235294115
0 0.4959150326797386 0.6354166666666666 0.06372549019607843 0.05269607843137255