0 0.3905220588235294 0.3442254901960784 0.04738480392156863 0.0697156862745098
0 0.4844779411764706 0.3431372549019608 0.05065441176470588 0.0718954248366013
0 0.5841495098039216 0.3464052287581699 0.049019607843137254 0.06753921568627451
0 0.684232843137255 0.35566339869281044 0.051470588235294115 0.06427124183006536
0 0.6944436274509804 0.48474836601307186 0.05392156862745098 0.0718954248366013
0 0.6830073529411765 0.6100228758169934 0.05228676470588236 0.0740751633986928
0 0.5821078431372549 0.6056633986928104 0.05310539215686274 0.06535947712418301
0 0.5919117647058824 0.476578431372549 0.04983578431372549 0.06644771241830066
0 0.4934632352941176 0.4760359477124183 0.049019607843137254 0.06753921568627451
0 0.39174754901960784 0.47440196078431374 0.04983578431372549 0.06862745098039216
0 0.39011519607843137 0.6023954248366012 0.04983578431372549 0.06317973856209151
0 0.4885612745098039 0.600218954248366 0.049019607843137254 0.06317973856209151