1 0.29983660130718953 0.2965686274509804 0.08006535947712418 0.07107843137254902
1 0.440359477124183 0.30575980392156865 0.08660130718954248 0.06740196078431372
1 0.5620915032679739 0.30637254901960786 0.08169934640522876 0.058823529411764705
1 0.579248366013072 0.3860294117647059 0.09967320261437909 0.06862745098039216
1 0.6160130718954249 0.4736519607843137 0.08169934640522876 0.06740196078431372
1 0.6519607843137255 0.5784313725490197 0.09803921568627451 0.07352941176470588
1 0.5032679738562091 0.5876225490196079 0.08823529411764706 0.06740196078431372
1 0.4722222222222222 0.4797794117647059 0.08496732026143791 0.06740196078431372
1 0.4526143790849673 0.3860294117647059 0.08496732026143791 0.0661764705882353
1 0.30800653594771243 0.3897058823529412 0.08333333333333333 0.07352941176470588
1 0.31862745098039214 0.4791666666666667 0.08823529411764706 0.06862745098039216
1 0.33251633986928103 0.5888480392156863 0.09313725490196079 0.07475490196078431