1 0.34068627450980393 0.36580882352941174 0.09313725490196079 0.07475490196078431
1 0.4852941176470588 0.3762254901960784 0.08823529411764706 0.07598039215686274
1 0.6274509803921569 0.36825980392156865 0.09477124183006536 0.06985294117647059
1 0.4861111111111111 0.4846813725490196 0.09640522875816994 0.07475490196078431
1 0.6274509803921569 0.47732843137254904 0.09477124183006536 0.07475490196078431
1 0.6241830065359477 0.5894607843137255 0.09477124183006536 0.07107843137254902
1 0.6323529411764706 0.6991421568627451 0.10457516339869281 0.07720588235294118
1 0.48856209150326796 0.7095588235294118 0.0915032679738562 0.07352941176470588
1 0.33905228758169936 0.7095588235294118 0.09640522875816994 0.07107843137254902
1 0.3341503267973856 0.5919117647058824 0.08660130718954248 0.06862745098039216
1 0.4820261437908497 0.5949754901960784 0.10130718954248366 0.07965686274509803
1 0.33578431372549017 0.47732843137254904 0.08986928104575163 0.06985294117647059