0 0.38235294117647056 0.35566339869281044 0.045752450980392156 0.06644771241830066
0 0.47549019607843135 0.35566339869281044 0.049019607843137254 0.07080718954248366
0 0.5731200980392157 0.3583888888888889 0.05310539215686274 0.06317973856209151
0 0.6703431372549019 0.36819281045751634 0.051470588235294115 0.06535947712418301
0 0.3843946078431372 0.47984640522875815 0.051470588235294115 0.06862745098039216
0 0.4840686274509804 0.4842058823529412 0.04820343137254902 0.06427124183006536
0 0.5812916666666667 0.48747385620915035 0.04656862745098039 0.06209150326797386
0 0.6785122549019608 0.4978202614379085 0.04820343137254902 0.06317973856209151
0 0.38031127450980395 0.6078431372549019 0.04983578431372549 0.06753921568627451
0 0.4758995098039216 0.6056633986928104 0.04656862745098039 0.061003267973856204
0 0.571078431372549 0.6111111111111112 0.045752450980392156 0.061003267973856204
0 0.6670759803921569 0.619826797385621 0.051470588235294115 0.06753921568627451