0 0.3721397058823529 0.3420490196078432 0.05310539215686274 0.06753921568627451
0 0.4677279411764706 0.3453169934640523 0.051470588235294115 0.06753921568627451
0 0.5641348039215687 0.34477124183006536 0.04983578431372549 0.06427124183006536
0 0.6601299019607842 0.3562091503267974 0.05392156862745098 0.06317973856209151
0 0.6691176470588235 0.4852941176470588 0.049019607843137254 0.06862745098039216
0 0.5702622549019608 0.47494444444444445 0.049019607843137254 0.06317973856209151
0 0.47549019607843135 0.4722222222222222 0.05065441176470588 0.06644771241830066
0 0.3754093137254902 0.46786601307189546 0.04820343137254902 0.06644771241830066
0 0.3705073529411765 0.5931372549019608 0.04656862745098039 0.06644771241830066
0 0.4652769607843137 0.5931372549019608 0.051470588235294115 0.06644771241830066
0 0.5588235294117647 0.5964052287581699 0.05065441176470588 0.07080718954248366
0 0.6548210784313726 0.6067549019607843 0.051470588235294115 0.06535947712418301