0 0.3480392156862745 0.3639705882352941 0.06535947712418301 0.051470588235294115
0 0.4599673202614379 0.3584558823529412 0.06699346405228758 0.05024509803921569
0 0.571078431372549 0.34558823529411764 0.06045751633986928 0.051470588235294115
0 0.5882352941176471 0.4252450980392157 0.058823529411764705 0.04656862745098039
0 0.47630718954248363 0.4424019607843137 0.06045751633986928 0.049019607843137254
0 0.3611111111111111 0.44546568627450983 0.058823529411764705 0.04534313725490196
0 0.3700980392156863 0.5367647058823529 0.06372549019607843 0.051470588235294115
0 0.4910130718954248 0.5324754901960784 0.06372549019607843 0.05269607843137255
0 0.6045751633986928 0.5140931372549019 0.06535947712418301 0.05269607843137255
0 0.6160130718954249 0.6011029411764706 0.058823529411764705 0.05514705882352941
0 0.4991830065359477 0.6256127450980392 0.06045751633986928 0.05024509803921569
0 0.375 0.6311274509803921 0.06699346405228758 0.056372549019607844
0 0.8660130718954249 0.5496323529411765 0.10784313725490197 0.0012254901960784314