1 0.37826797385620914 0.3314950980392157 0.08986928104575163 0.07720588235294118
1 0.5261437908496732 0.33762254901960786 0.09803921568627451 0.07965686274509803
1 0.670751633986928 0.32659313725490197 0.08660130718954248 0.07965686274509803
1 0.670751633986928 0.4381127450980392 0.08986928104575163 0.07475490196078431
1 0.5318627450980392 0.44546568627450983 0.09313725490196079 0.07230392156862746
1 0.380718954248366 0.44546568627450983 0.08496732026143791 0.06740196078431372
1 0.3839869281045752 0.5582107843137255 0.0784313725490196 0.06495098039215687
1 0.3937908496732026 0.6654411764705882 0.08496732026143791 0.0661764705882353
1 0.5351307189542484 0.5588235294117647 0.08660130718954248 0.06862745098039216
1 0.6723856209150327 0.5471813725490197 0.08986928104575163 0.06985294117647059
1 0.5408496732026143 0.6672794117647058 0.08823529411764706 0.06985294117647059
1 0.6764705882352942 0.6513480392156863 0.0915032679738562 0.06740196078431372