0 0.32230392156862747 0.33605555555555555 0.061274509803921566 0.07734313725490195
0 0.43504901960784315 0.3376895424836601 0.056372549019607844 0.0718954248366013
0 0.553921568627451 0.33115359477124184 0.06045833333333333 0.0740751633986928
0 0.6678921568627451 0.3202614379084967 0.05800735294117647 0.0806111111111111
0 0.6633995098039216 0.4684084967320261 0.05555637254901961 0.0740751633986928
0 0.6658504901960784 0.6089313725490196 0.06536029411764706 0.0740751633986928
0 0.5584142156862745 0.6160130718954249 0.05800735294117647 0.06862745098039216
0 0.45424754901960784 0.6171013071895425 0.05228676470588236 0.07298366013071896
0 0.3480392156862745 0.6160130718954249 0.058823529411764705 0.07080718954248366
0 0.32271323529411766 0.4831143790849673 0.05555637254901961 0.07734313725490195
0 0.4334142156862745 0.48257189542483664 0.05473774509803922 0.0697156862745098
0 0.5457524509803922 0.476578431372549 0.05718872549019608 0.06862745098039216