1 0.4272875816993464 0.3333333333333333 0.07679738562091504 0.06862745098039216
1 0.4256535947712418 0.43933823529411764 0.07679738562091504 0.06985294117647059
1 0.4158496732026144 0.5496323529411765 0.08660130718954248 0.06985294117647059
1 0.41094771241830064 0.6580882352941176 0.09640522875816994 0.07107843137254902
1 0.5531045751633987 0.33517156862745096 0.08006535947712418 0.06985294117647059
1 0.6666666666666666 0.35110294117647056 0.08169934640522876 0.06495098039215687
1 0.6699346405228758 0.45588235294117646 0.08169934640522876 0.06372549019607843
1 0.670751633986928 0.5496323529411765 0.07679738562091504 0.06004901960784314
1 0.545751633986928 0.5465686274509803 0.08496732026143791 0.061274509803921566
1 0.5490196078431373 0.4430147058823529 0.0784313725490196 0.06004901960784314
1 0.6683006535947712 0.6513480392156863 0.07516339869281045 0.06740196078431372
1 0.5441176470588235 0.6482843137254902 0.08169934640522876 0.061274509803921566