0 0.3472222222222222 0.36519607843137253 0.06699346405228758 0.049019607843137254
0 0.4616013071895425 0.35661764705882354 0.06699346405228758 0.05392156862745098
0 0.5727124183006536 0.34558823529411764 0.06372549019607843 0.051470588235294115
0 0.35947712418300654 0.4479166666666667 0.06862745098039216 0.05514705882352941
0 0.4730392156862745 0.4417892156862745 0.06699346405228758 0.05024509803921569
0 0.5874183006535948 0.42463235294117646 0.06372549019607843 0.04779411764705882
0 0.6078431372549019 0.5104166666666666 0.06535947712418301 0.05024509803921569
0 0.49019607843137253 0.53125 0.06535947712418301 0.04534313725490196
0 0.37173202614379086 0.5349264705882353 0.06045751633986928 0.04534313725490196
0 0.3790849673202614 0.6292892156862745 0.06209150326797386 0.04534313725490196
0 0.5 0.6225490196078431 0.06535947712418301 0.051470588235294115
0 0.6176470588235294 0.6004901960784313 0.06535947712418301 0.051470588235294115