1 0.28022875816993464 0.43137254901960786 0.08006535947712418 0.06372549019607843
1 0.4068627450980392 0.44056372549019607 0.0784313725490196 0.06740196078431372
1 0.5375816993464052 0.4479166666666667 0.06535947712418301 0.05759803921568627
1 0.6658496732026143 0.45036764705882354 0.07352941176470588 0.05759803921568627
1 0.6674836601307189 0.5459558823529411 0.08333333333333333 0.06740196078431372
1 0.5351307189542484 0.5404411764705882 0.08333333333333333 0.061274509803921566
1 0.4035947712418301 0.5337009803921569 0.0784313725490196 0.0625
1 0.2826797385620915 0.522671568627451 0.08169934640522876 0.0625
1 0.25735294117647056 0.6225490196078431 0.08006535947712418 0.06862745098039216
1 0.38643790849673204 0.6286764705882353 0.07352941176470588 0.0661764705882353
1 0.5204248366013072 0.6384803921568627 0.07679738562091504 0.06372549019607843
1 0.6486928104575164 0.6427696078431373 0.08169934640522876 0.0625