1 0.2818627450980392 0.4056372549019608 0.09313725490196079 0.06862745098039216
1 0.4133986928104575 0.41544117647058826 0.08169934640522876 0.07352941176470588
1 0.5449346405228758 0.4209558823529412 0.07679738562091504 0.06495098039215687
1 0.6723856209150327 0.4172794117647059 0.07679738562091504 0.06004901960784314
1 0.684640522875817 0.5153186274509803 0.08169934640522876 0.06740196078431372
1 0.6740196078431373 0.6170343137254902 0.07679738562091504 0.0625
1 0.5359477124183006 0.6133578431372549 0.0784313725490196 0.06004901960784314
1 0.545751633986928 0.5134803921568627 0.0915032679738562 0.07352941176470588
1 0.40931372549019607 0.5098039215686274 0.08006535947712418 0.06372549019607843
1 0.28513071895424835 0.508578431372549 0.09313725490196079 0.07107843137254902
1 0.2679738562091503 0.6053921568627451 0.08823529411764706 0.06862745098039216
1 0.4019607843137255 0.6072303921568627 0.0784313725490196 0.07230392156862746