1 0.33251633986928103 0.3694852941176471 0.09313725490196079 0.07475490196078431
1 0.4795751633986928 0.38112745098039214 0.09640522875816994 0.08088235294117647
1 0.6258169934640523 0.3762254901960784 0.09477124183006536 0.0784313725490196
1 0.625 0.48590686274509803 0.09313725490196079 0.06985294117647059
1 0.625 0.5955882352941176 0.09313725490196079 0.07107843137254902
1 0.6266339869281046 0.7083333333333334 0.09640522875816994 0.07598039215686274
1 0.4820261437908497 0.7212009803921569 0.10130718954248366 0.06985294117647059
1 0.3300653594771242 0.7175245098039216 0.10130718954248366 0.06985294117647059
1 0.32679738562091504 0.6041666666666666 0.0915032679738562 0.0661764705882353
1 0.3284313725490196 0.48590686274509803 0.08823529411764706 0.07230392156862746
1 0.48284313725490197 0.49203431372549017 0.09640522875816994 0.07720588235294118
1 0.4795751633986928 0.6066176470588235 0.09640522875816994 0.07107843137254902