0 0.3125 0.3589313725490196 0.07107843137254902 0.08823529411764706
0 0.42769607843137253 0.3589313725490196 0.0629093137254902 0.08823529411764706
0 0.5404411764705882 0.35294117647058826 0.0661764705882353 0.0806111111111111
0 0.656046568627451 0.34477124183006536 0.06372549019607843 0.07951960784313726
0 0.6527769607843137 0.4950980392156863 0.06536029411764706 0.07298366013071896
0 0.6584975490196079 0.6290849673202614 0.06372549019607843 0.08387908496732027
0 0.5379901960784313 0.500545751633987 0.05963970588235294 0.07298366013071896
0 0.5514705882352942 0.6378006535947712 0.05555637254901961 0.07734313725490195
0 0.4256544117647059 0.5070816993464052 0.06045833333333333 0.07951960784313726
0 0.4456691176470588 0.6421568627450981 0.056372549019607844 0.07734313725490195
0 0.3120906862745098 0.5059901960784313 0.06045833333333333 0.07734313725490195
0 0.34068627450980393 0.6405228758169934 0.06045833333333333 0.08278758169934641