0 0.281046568627451 0.3001078431372549 0.0016348039215686274 0.001088235294117647
0 0.3202622549019608 0.3376895424836601 0.06699264705882353 0.0806111111111111
0 0.3202622549019608 0.48366013071895425 0.06699264705882353 0.08278758169934641
0 0.4358651960784313 0.3371470588235294 0.0629093137254902 0.07951960784313726
0 0.5473848039215686 0.3300653594771242 0.06045833333333333 0.08496732026143791
0 0.6642156862745098 0.32134967320261437 0.06045833333333333 0.0806111111111111
0 0.6589044117647058 0.4673202614379085 0.061274509803921566 0.08278758169934641
0 0.6633995098039216 0.6062091503267973 0.06045833333333333 0.07951960784313726
0 0.5453431372549019 0.4760359477124183 0.06454166666666666 0.08496732026143791
0 0.4342328431372549 0.48257189542483664 0.05963970588235294 0.0784313725490196
0 0.451796568627451 0.6209150326797386 0.05555637254901961 0.0718954248366013
0 0.3480392156862745 0.618735294117647 0.06045833333333333 0.0806111111111111
0 0.557188725490196 0.6116568627450981 0.05555637254901961 0.07516339869281045