0 0.31985294117647056 0.35784313725490197 0.07107843137254902 0.08169934640522876
0 0.43504901960784315 0.35675490196078435 0.061274509803921566 0.08169934640522876
0 0.5465686274509803 0.35130718954248363 0.058823529411764705 0.07951960784313726
0 0.6621740196078432 0.3382352941176471 0.061274509803921566 0.07951960784313726
0 0.656453431372549 0.488016339869281 0.0629093137254902 0.08278758169934641
0 0.6650318627450981 0.630718954248366 0.06372549019607843 0.07625163398692811
0 0.5559632352941176 0.6339869281045751 0.05963970588235294 0.0806111111111111
0 0.5437083333333333 0.49564379084967325 0.05800735294117647 0.08278758169934641
0 0.43055637254901963 0.5043562091503268 0.06209068627450981 0.0806111111111111
0 0.4530220588235294 0.6383431372549019 0.05800735294117647 0.0806111111111111
0 0.32148774509803923 0.5027222222222222 0.0661764705882353 0.07951960784313726
0 0.3472230392156863 0.6388888888888888 0.06045833333333333 0.07734313725490195