1 0.2818627450980392 0.4338235294117647 0.07352941176470588 0.056372549019607844
1 0.4027777777777778 0.4424019607843137 0.07679738562091504 0.061274509803921566
1 0.5318627450980392 0.4491421568627451 0.07026143790849673 0.06004901960784314
1 0.6544117647058824 0.45036764705882354 0.07026143790849673 0.05514705882352941
1 0.6535947712418301 0.5447303921568627 0.0784313725490196 0.06495098039215687
1 0.6429738562091504 0.6409313725490197 0.07026143790849673 0.058823529411764705
1 0.5122549019607843 0.6366421568627451 0.06699346405228758 0.05759803921568627
1 0.5326797385620915 0.5404411764705882 0.0784313725490196 0.061274509803921566
1 0.397875816993464 0.5355392156862745 0.07352941176470588 0.056372549019607844
1 0.28104575163398693 0.5275735294117647 0.07516339869281045 0.06004901960784314
1 0.2540849673202614 0.6207107843137255 0.08006535947712418 0.06004901960784314
1 0.3799019607843137 0.6317401960784313 0.07026143790849673 0.05759803921568627