0 0.3488562091503268 0.36213235294117646 0.05718954248366013 0.04779411764705882
0 0.46078431372549017 0.35355392156862747 0.06209150326797386 0.04779411764705882
0 0.571078431372549 0.3443627450980392 0.06045751633986928 0.041666666666666664
0 0.3602941176470588 0.4430147058823529 0.06699346405228758 0.05269607843137255
0 0.47467320261437906 0.43933823529411764 0.06699346405228758 0.04779411764705882
0 0.5890522875816994 0.4227941176470588 0.06372549019607843 0.05392156862745098
0 0.6070261437908496 0.5067401960784313 0.06699346405228758 0.04779411764705882
0 0.6184640522875817 0.5980392156862745 0.06699346405228758 0.05392156862745098
0 0.5024509803921569 0.6194852941176471 0.06372549019607843 0.05024509803921569
0 0.3790849673202614 0.6262254901960784 0.06209150326797386 0.049019607843137254
0 0.4910130718954248 0.5251225490196079 0.06699346405228758 0.05514705882352941
0 0.37173202614379086 0.5300245098039216 0.06699346405228758 0.05269607843137255