0 0.3713235294117647 0.33878104575163404 0.05473774509803922 0.0718954248366013
0 0.4660955882352941 0.3420490196078432 0.05310539215686274 0.0697156862745098
0 0.5629093137254902 0.3469509803921569 0.049019607843137254 0.06427124183006536
0 0.6584975490196079 0.3545751633986928 0.049019607843137254 0.06862745098039216
0 0.3713235294117647 0.46677450980392154 0.04493382352941177 0.06862745098039216
0 0.4726299019607843 0.4722222222222222 0.051470588235294115 0.06644771241830066
0 0.5682181372549019 0.4738562091503268 0.04983578431372549 0.06317973856209151
0 0.6662573529411765 0.48638235294117643 0.05310539215686274 0.06427124183006536
0 0.36805637254901963 0.5876895424836601 0.04820343137254902 0.06644771241830066
0 0.4644607843137255 0.5925915032679738 0.04330147058823529 0.06317973856209151
0 0.5584142156862745 0.5985849673202615 0.04983578431372549 0.06209150326797386
0 0.6531862745098039 0.6034869281045752 0.051470588235294115 0.06753921568627451