1 0.3827622549019608 0.37363725490196076 0.05800735294117647 0.0806111111111111
1 0.4742647058823529 0.3758169934640523 0.05473774509803922 0.0784313725490196
1 0.5637254901960784 0.3779967320261438 0.05555637254901961 0.0740751633986928
1 0.6544117647058824 0.3747287581699347 0.04411764705882353 0.06317973856209151
1 0.6727941176470589 0.4673202614379085 0.05963970588235294 0.0718954248366013
1 0.6748357843137255 0.5789771241830065 0.06209068627450981 0.07951960784313726
1 0.571078431372549 0.46568627450980393 0.05392156862745098 0.07080718954248366
1 0.5694436274509804 0.5838790849673203 0.06536029411764706 0.08496732026143791
1 0.4722230392156863 0.45751633986928103 0.049019607843137254 0.06317973856209151
1 0.3745906862745098 0.46187254901960784 0.056372549019607844 0.0697156862745098
1 0.3574338235294117 0.5718954248366013 0.0629093137254902 0.0784313725490196
1 0.46241911764705884 0.5816993464052288 0.05555637254901961 0.08278758169934641