1 0.32107843137254904 0.3394607843137255 0.08660130718954248 0.07352941176470588
1 0.46895424836601307 0.3272058823529412 0.09477124183006536 0.0784313725490196
1 0.6102941176470589 0.33517156862745096 0.09313725490196079 0.07230392156862746
1 0.32679738562091504 0.45159313725490197 0.08496732026143791 0.06495098039215687
1 0.46977124183006536 0.4430147058823529 0.09313725490196079 0.07475490196078431
1 0.6200980392156863 0.44730392156862747 0.09640522875816994 0.07352941176470588
1 0.6200980392156863 0.5563725490196079 0.08333333333333333 0.061274509803921566
1 0.6225490196078431 0.6715686274509803 0.08823529411764706 0.08088235294117647
1 0.47794117647058826 0.5612745098039216 0.08660130718954248 0.06862745098039216
1 0.3243464052287582 0.5643382352941176 0.09640522875816994 0.0625
1 0.32679738562091504 0.6758578431372549 0.10457516339869281 0.07965686274509803
1 0.4738562091503268 0.6697303921568627 0.09477124183006536 0.0821078431372549