0 0.4227941176470588 0.25762418300653595 0.05310539215686274 0.07080718954248366
0 0.5265514705882353 0.2652516339869281 0.05473774509803922 0.07516339869281045
0 0.630311274509804 0.25217973856209147 0.05473774509803922 0.07516339869281045
0 0.6266348039215687 0.39324509803921565 0.05392156862745098 0.0784313725490196
0 0.5249191176470588 0.40904248366013074 0.05310539215686274 0.07080718954248366
0 0.4252450980392157 0.399781045751634 0.05473774509803922 0.0740751633986928
0 0.42769607843137253 0.5299575163398693 0.05310539215686274 0.06862745098039216
0 0.5253259803921568 0.545751633986928 0.05065441176470588 0.0697156862745098
0 0.6274509803921569 0.5315915032679739 0.05555637254901961 0.0697156862745098
0 0.619688725490196 0.6639444444444444 0.056372549019607844 0.07298366013071896
0 0.5187916666666667 0.6819183006535948 0.05065441176470588 0.06753921568627451
0 0.4219779411764706 0.665578431372549 0.05473774509803922 0.0806111111111111