0 0.415031862745098 0.22058823529411764 0.05228676470588236 0.07516339869281045
0 0.5183823529411765 0.23093790849673201 0.05963970588235294 0.08278758169934641
0 0.6205073529411765 0.22331045751633988 0.056372549019607844 0.0784313725490196
0 0.6180563725490196 0.36165686274509806 0.05963970588235294 0.06753921568627451
0 0.6131544117647059 0.49291830065359477 0.05310539215686274 0.06644771241830066
0 0.6074338235294118 0.6241830065359477 0.051470588235294115 0.06753921568627451
0 0.5171568627450981 0.510892156862745 0.05392156862745098 0.0697156862745098
0 0.5167475490196078 0.3769052287581699 0.05310539215686274 0.06753921568627451
0 0.41911764705882354 0.3660130718954248 0.05228676470588236 0.0697156862745098
0 0.4199338235294117 0.49836601307189543 0.05065441176470588 0.06862745098039216
0 0.4170759803921569 0.630173202614379 0.051470588235294115 0.07298366013071896
0 0.5126642156862745 0.6394346405228758 0.05310539215686274 0.0697156862745098