1 0.2107843137254902 0.36580882352941174 0.11764705882352941 0.0821078431372549
1 0.3946078431372549 0.3743872549019608 0.12254901960784313 0.08700980392156862
1 0.5808823529411765 0.38174019607843135 0.12254901960784313 0.09436274509803921
1 0.7573529411764706 0.38235294117647056 0.12581699346405228 0.08823529411764706
1 0.7647058823529411 0.5189950980392157 0.12091503267973856 0.0821078431372549
1 0.7361111111111112 0.6507352941176471 0.11601307189542484 0.09313725490196079
1 0.5857843137254902 0.5177696078431373 0.10294117647058823 0.0821078431372549
1 0.5580065359477124 0.6507352941176471 0.10294117647058823 0.0784313725490196
1 0.3929738562091503 0.5091911764705882 0.09640522875816994 0.07965686274509803
1 0.2246732026143791 0.5 0.11601307189542484 0.08333333333333333
1 0.20098039215686275 0.6292892156862745 0.11764705882352941 0.08946078431372549
1 0.3790849673202614 0.6403186274509803 0.10457516339869281 0.08455882352941177