1 0.31862745098039214 0.4534313725490196 0.07516339869281045 0.06372549019607843
1 0.43218954248366015 0.45588235294117646 0.07352941176470588 0.056372549019607844
1 0.5531045751633987 0.46078431372549017 0.07026143790849673 0.06372549019607843
1 0.6674836601307189 0.46200980392156865 0.06699346405228758 0.056372549019607844
1 0.6625816993464052 0.5496323529411765 0.07679738562091504 0.06495098039215687
1 0.6568627450980392 0.6317401960784313 0.06535947712418301 0.05759803921568627
1 0.5506535947712419 0.5453431372549019 0.06862745098039216 0.05392156862745098
1 0.5416666666666666 0.6323529411764706 0.07352941176470588 0.058823529411764705
1 0.42892156862745096 0.5422794117647058 0.07352941176470588 0.05269607843137255
1 0.3235294117647059 0.539828431372549 0.07516339869281045 0.05514705882352941
1 0.30637254901960786 0.6231617647058824 0.07352941176470588 0.05269607843137255
1 0.4215686274509804 0.625 0.07516339869281045 0.056372549019607844