1 0.34068627450980393 0.36642156862745096 0.08986928104575163 0.07107843137254902
1 0.4918300653594771 0.37683823529411764 0.08823529411764706 0.06985294117647059
1 0.6356209150326797 0.3707107843137255 0.08823529411764706 0.07230392156862746
1 0.3382352941176471 0.47855392156862747 0.08169934640522876 0.06985294117647059
1 0.48447712418300654 0.4810049019607843 0.09313725490196079 0.07230392156862746
1 0.625 0.47855392156862747 0.09640522875816994 0.06985294117647059
1 0.33578431372549017 0.5949754901960784 0.09313725490196079 0.06740196078431372
1 0.48937908496732024 0.6017156862745098 0.08986928104575163 0.07107843137254902
1 0.6274509803921569 0.5888480392156863 0.09477124183006536 0.06985294117647059
1 0.6331699346405228 0.6948529411764706 0.09640522875816994 0.07107843137254902
1 0.4910130718954248 0.710171568627451 0.08660130718954248 0.06495098039215687
1 0.3423202614379085 0.7083333333333334 0.09313725490196079 0.06862745098039216