1 0.39950980392156865 0.2689950980392157 0.11601307189542484 0.09436274509803921
1 0.5857843137254902 0.27328431372549017 0.10620915032679738 0.0857843137254902
1 0.7238562091503268 0.29411764705882354 0.09803921568627451 0.08088235294117647
1 0.7230392156862745 0.43014705882352944 0.09967320261437909 0.07352941176470588
1 0.5620915032679739 0.41360294117647056 0.10784313725490197 0.0821078431372549
1 0.3897058823529412 0.41544117647058826 0.10947712418300654 0.08088235294117647
1 0.39052287581699346 0.5643382352941176 0.10784313725490197 0.0821078431372549
1 0.5629084967320261 0.5502450980392157 0.10947712418300654 0.08333333333333333
1 0.7140522875816994 0.5563725490196079 0.10130718954248366 0.0784313725490196
1 0.7148692810457516 0.6832107843137255 0.10620915032679738 0.07965686274509803
1 0.5498366013071896 0.6844362745098039 0.11274509803921569 0.09191176470588236
1 0.3880718954248366 0.7052696078431373 0.10620915032679738 0.08946078431372549