0 0.37254901960784315 0.3161764705882353 0.06862745098039216 0.05392156862745098
0 0.5016339869281046 0.31985294117647056 0.06862745098039216 0.058823529411764705
0 0.6274509803921569 0.3167892156862745 0.07516339869281045 0.06004901960784314
0 0.37336601307189543 0.41421568627450983 0.07679738562091504 0.061274509803921566
0 0.5024509803921569 0.4178921568627451 0.07352941176470588 0.0661764705882353
0 0.6299019607843137 0.40870098039215685 0.07026143790849673 0.05759803921568627
0 0.37173202614379086 0.5128676470588235 0.07026143790849673 0.05759803921568627
0 0.505718954248366 0.5202205882352942 0.07352941176470588 0.05269607843137255
0 0.6339869281045751 0.508578431372549 0.0718954248366013 0.056372549019607844
0 0.6323529411764706 0.6066176470588235 0.0718954248366013 0.058823529411764705
0 0.5 0.625 0.0718954248366013 0.056372549019607844
0 0.37173202614379086 0.6176470588235294 0.06699346405228758 0.05392156862745098