1 0.2834967320261438 0.40441176470588236 0.08660130718954248 0.0661764705882353
1 0.4133986928104575 0.4111519607843137 0.0784313725490196 0.0625
1 0.5547385620915033 0.4117647058823529 0.07352941176470588 0.06862745098039216
1 0.6805555555555556 0.41482843137254904 0.07352941176470588 0.07230392156862746
1 0.6879084967320261 0.5153186274509803 0.08496732026143791 0.06740196078431372
1 0.5531045751633987 0.5128676470588235 0.08006535947712418 0.0625
1 0.4158496732026144 0.5098039215686274 0.08006535947712418 0.061274509803921566
1 0.28921568627450983 0.5042892156862745 0.0784313725490196 0.06495098039215687
1 0.27205882352941174 0.6035539215686274 0.08660130718954248 0.06495098039215687
1 0.4035947712418301 0.6078431372549019 0.07516339869281045 0.06372549019607843
1 0.5424836601307189 0.6139705882352942 0.0784313725490196 0.058823529411764705
1 0.6772875816993464 0.6145833333333334 0.08333333333333333 0.06495098039215687