1 0.23202614379084968 0.35784313725490197 0.11437908496732026 0.08088235294117647
1 0.4166666666666667 0.36519607843137253 0.10784313725490197 0.09313725490196079
1 0.6013071895424836 0.36764705882352944 0.10130718954248366 0.0857843137254902
1 0.7859477124183006 0.36580882352941174 0.0915032679738562 0.07965686274509803
1 0.7965686274509803 0.5073529411764706 0.12581699346405228 0.09558823529411764
1 0.7802287581699346 0.6446078431372549 0.13562091503267973 0.10049019607843138
1 0.6078431372549019 0.5042892156862745 0.11437908496732026 0.10416666666666667
1 0.5898692810457516 0.647671568627451 0.10457516339869281 0.0821078431372549
1 0.41421568627450983 0.5018382352941176 0.11274509803921569 0.08946078431372549
1 0.2369281045751634 0.4950980392156863 0.12745098039215685 0.09068627450980392
1 0.21568627450980393 0.6348039215686274 0.12418300653594772 0.08823529411764706
1 0.40032679738562094 0.6390931372549019 0.10457516339869281 0.0821078431372549