1 0.35294117647058826 0.3645833333333333 0.08496732026143791 0.07230392156862746
1 0.49673202614379086 0.3737745098039216 0.09803921568627451 0.07598039215686274
1 0.6405228758169934 0.36825980392156865 0.08823529411764706 0.07720588235294118
1 0.6356209150326797 0.4730392156862745 0.09477124183006536 0.07352941176470588
1 0.49264705882352944 0.48284313725490197 0.09967320261437909 0.07352941176470588
1 0.3480392156862745 0.4797794117647059 0.08496732026143791 0.06495098039215687
1 0.3472222222222222 0.5919117647058824 0.08333333333333333 0.0661764705882353
1 0.3553921568627451 0.7046568627450981 0.09313725490196079 0.07107843137254902
1 0.5049019607843137 0.7052696078431373 0.0915032679738562 0.07475490196078431
1 0.6470588235294118 0.6942401960784313 0.10130718954248366 0.07475490196078431
1 0.6380718954248366 0.5857843137254902 0.09313725490196079 0.06862745098039216
1 0.4959150326797386 0.5949754901960784 0.08660130718954248 0.06985294117647059