1 0.4199346405228758 0.3394607843137255 0.08496732026143791 0.06372549019607843
1 0.5465686274509803 0.33394607843137253 0.07679738562091504 0.06495098039215687
1 0.6862745098039216 0.3388480392156863 0.08496732026143791 0.07720588235294118
1 0.6805555555555556 0.4252450980392157 0.08986928104575163 0.0661764705882353
1 0.6756535947712419 0.5251225490196079 0.09640522875816994 0.07230392156862746
1 0.5367647058823529 0.41605392156862747 0.09313725490196079 0.0625
1 0.5163398692810458 0.5165441176470589 0.0784313725490196 0.06495098039215687
1 0.49836601307189543 0.6292892156862745 0.09803921568627451 0.07720588235294118
1 0.6633986928104575 0.6446078431372549 0.09477124183006536 0.07352941176470588
1 0.39705882352941174 0.4252450980392157 0.08169934640522876 0.06372549019607843
1 0.37745098039215685 0.5214460784313726 0.08823529411764706 0.07230392156862746
1 0.34395424836601307 0.6274509803921569 0.10294117647058823 0.08333333333333333