0 0.3705073529411765 0.33224509803921565 0.04820343137254902 0.0697156862745098
0 0.4660955882352941 0.33551307189542484 0.04820343137254902 0.06753921568627451
0 0.5645416666666666 0.3366013071895425 0.05392156862745098 0.0740751633986928
0 0.6556372549019608 0.34095751633986926 0.05473774509803922 0.0718954248366013
0 0.3713235294117647 0.46078431372549017 0.04656862745098039 0.06753921568627451
0 0.4730392156862745 0.4645980392156863 0.049019607843137254 0.06427124183006536
0 0.5698529411764706 0.46568627450980393 0.04820343137254902 0.06209150326797386
0 0.6670759803921569 0.477124183006536 0.051470588235294115 0.06535947712418301
0 0.36805637254901963 0.5849673202614379 0.04820343137254902 0.06753921568627451
0 0.46241911764705884 0.5855130718954249 0.04738480392156863 0.06644771241830066
0 0.5580073529411765 0.5909575163398693 0.05555637254901961 0.07080718954248366
0 0.6527769607843137 0.5969509803921569 0.05392156862745098 0.06753921568627451